Table 1: MAPE Result
Geo_id LSTM        Prophet        SARIMA         GRU         
-----------------------------------------------------------------
0      44.36       47.63          24.11          33.64       
1      10.94       16.80          59.83          10.95       
2      21.74       25.53          0.00           19.64       
3      19.79       19.25          0.79           10.68       
4      23.01       29.74          5.04           20.22       


Table 2: MAE Result
Geo_id LSTM        Prophet        SARIMA         GRU         
-----------------------------------------------------------------
0      1471463.15  1355605.42     1131152.18     1112763.89  
1      44856.28    72588.32       287552.62      46645.62    
2      517634.53   699336.52      0.00           463916.53   
3      13807575.79 13294380.05    451240.50      7827327.33  
4      151959.71   167703.43      30405.09       119043.16   


Table 3: RMSE Result
Geo_id LSTM        Prophet        SARIMA         GRU         
-----------------------------------------------------------------
0      1980970.80  1991715.07     1301329.28     1575043.76  
1      63348.33    97412.44       288223.51      64670.87    
2      733860.60   939967.77      0.00           694468.74   
3      17747186.89 18103092.36    2741305.01     10747100.16 
4      203663.50   250695.93      45492.82       172953.10   
